   5.00000000       250.000000       250.000000               0           0           0           1
   5.00000000       750.000000       250.000000               0           0           0           2
   5.00000000       1250.00000       250.000000               0           0           0           3
   5.00000000       1750.00000       250.000000               0           0           0           4
   5.00000000       2250.00000       250.000000               0           0           0           5
   5.00000000       2750.00000       250.000000               0           0           0           6
   5.00000000       3250.00000       250.000000               0           0           0           7
   5.00000000       3750.00000       250.000000               0           0           0           8
   5.00000000       4250.00000       250.000000               0           0           0           9
   5.00000000       4750.00000       250.000000               0           0           0          10
   5.00000000       5250.00000       250.000000               0           0           0          11
   5.00000000       5750.00000       250.000000               0           0           0          12
   5.00000000       6250.00000       250.000000               0           0           0          13
   5.00000000       6750.00000       250.000000               0           0           0          14
   5.00000000       7250.00000       250.000000               0           0           0          15
   5.00000000       7750.00000       250.000000               0           0           0          16
   5.00000000       8250.00000       250.000000               0           0           0          17
   5.00000000       8750.00000       250.000000               0           0           0          18
   5.00000000       9250.00000       250.000000               0           0           0          19
   5.00000000       9750.00000       250.000000               0           0           0          20
   5.00000000       250.000000       750.000000               0           0           0          21
   5.00000000       750.000000       750.000000               0           0           0          22
   5.00000000       1250.00000       750.000000               0           0           0          23
   5.00000000       1750.00000       750.000000               0           0           0          24
   5.00000000       2250.00000       750.000000               0           0           0          25
   5.00000000       2750.00000       750.000000               0           0           0          26
   5.00000000       3250.00000       750.000000               0           0           0          27
   5.00000000       3750.00000       750.000000               0           0           0          28
   5.00000000       4250.00000       750.000000               0           0           0          29
   5.00000000       4750.00000       750.000000               0           0           0          30
   5.00000000       5250.00000       750.000000               0           0           0          31
   5.00000000       5750.00000       750.000000               0           0           0          32
   5.00000000       6250.00000       750.000000               0           0           0          33
   5.00000000       6750.00000       750.000000               0           0           0          34
   5.00000000       7250.00000       750.000000               0           0           0          35
   5.00000000       7750.00000       750.000000               0           0           0          36
   5.00000000       8250.00000       750.000000               0           0           0          37
   5.00000000       8750.00000       750.000000               0           0           0          38
   5.00000000       9250.00000       750.000000               0           0           0          39
   5.00000000       9750.00000       750.000000               0           0           0          40
   5.00000000       250.000000       1250.00000               0           0           0          41
   5.00000000       750.000000       1250.00000               0           0           0          42
   5.00000000       1250.00000       1250.00000               0           0           0          43
   5.00000000       1750.00000       1250.00000               0           0           0          44
   5.00000000       2250.00000       1250.00000               0           0           0          45
   5.00000000       2750.00000       1250.00000               0           0           0          46
   5.00000000       3250.00000       1250.00000               0           0           0          47
   5.00000000       3750.00000       1250.00000               0           0           0          48
   5.00000000       4250.00000       1250.00000               0           0           0          49
   5.00000000       4750.00000       1250.00000               0           0           0          50
   5.00000000       5250.00000       1250.00000               0           0           0          51
   5.00000000       5750.00000       1250.00000               0           0           0          52
   5.00000000       6250.00000       1250.00000               0           0           0          53
   5.00000000       6750.00000       1250.00000               0           0           0          54
   5.00000000       7250.00000       1250.00000               0           0           0          55
   5.00000000       7750.00000       1250.00000               0           0           0          56
   5.00000000       8250.00000       1250.00000               0           0           0          57
   5.00000000       8750.00000       1250.00000               0           0           0          58
   5.00000000       9250.00000       1250.00000               0           0           0          59
   5.00000000       9750.00000       1250.00000               0           0           0          60
   5.00000000       250.000000       1750.00000               0           0           0          61
   5.00000000       750.000000       1750.00000               0           0           0          62
   5.00000000       1250.00000       1750.00000               0           0           0          63
   5.00000000       1750.00000       1750.00000               0           0           0          64
   5.00000000       2250.00000       1750.00000               0           0           0          65
   5.00000000       2750.00000       1750.00000               0           0           0          66
   5.00000000       3250.00000       1750.00000               0           0           0          67
   5.00000000       3750.00000       1750.00000               0           0           0          68
   5.00000000       4250.00000       1750.00000               0           0           0          69
   5.00000000       4750.00000       1750.00000               0           0           0          70
   5.00000000       5250.00000       1750.00000               0           0           0          71
   5.00000000       5750.00000       1750.00000               0           0           0          72
   5.00000000       6250.00000       1750.00000               0           0           0          73
   5.00000000       6750.00000       1750.00000               0           0           0          74
   5.00000000       7250.00000       1750.00000               0           0           0          75
   5.00000000       7750.00000       1750.00000               0           0           0          76
   5.00000000       8250.00000       1750.00000               0           0           0          77
   5.00000000       8750.00000       1750.00000               0           0           0          78
   5.00000000       9250.00000       1750.00000               0           0           0          79
   5.00000000       9750.00000       1750.00000               0           0           0          80
   5.00000000       250.000000       2250.00000               0           0           0          81
   5.00000000       750.000000       2250.00000               0           0           0          82
   5.00000000       1250.00000       2250.00000               0           0           0          83
   5.00000000       1750.00000       2250.00000               0           0           0          84
   5.00000000       2250.00000       2250.00000               0           0           0          85
   5.00000000       2750.00000       2250.00000               0           0           0          86
   5.00000000       3250.00000       2250.00000               0           0           0          87
   5.00000000       3750.00000       2250.00000               0           0           0          88
   5.00000000       4250.00000       2250.00000               0           0           0          89
   5.00000000       4750.00000       2250.00000               0           0           0          90
   5.00000000       5250.00000       2250.00000               0           0           0          91
   5.00000000       5750.00000       2250.00000               0           0           0          92
   5.00000000       6250.00000       2250.00000               0           0           0          93
   5.00000000       6750.00000       2250.00000               0           0           0          94
   5.00000000       7250.00000       2250.00000               0           0           0          95
   5.00000000       7750.00000       2250.00000               0           0           0          96
   5.00000000       8250.00000       2250.00000               0           0           0          97
   5.00000000       8750.00000       2250.00000               0           0           0          98
   5.00000000       9250.00000       2250.00000               0           0           0          99
   5.00000000       9750.00000       2250.00000               0           0           0         100
   5.00000000       250.000000       2750.00000               0           0           0         101
   5.00000000       750.000000       2750.00000               0           0           0         102
   5.00000000       1250.00000       2750.00000               0           0           0         103
   5.00000000       1750.00000       2750.00000               0           0           0         104
   5.00000000       2250.00000       2750.00000               0           0           0         105
   5.00000000       2750.00000       2750.00000               0           0           0         106
   5.00000000       3250.00000       2750.00000               0           0           0         107
   5.00000000       3750.00000       2750.00000               0           0           0         108
   5.00000000       4250.00000       2750.00000               0           0           0         109
   5.00000000       4750.00000       2750.00000               0           0           0         110
   5.00000000       5250.00000       2750.00000               0           0           0         111
   5.00000000       5750.00000       2750.00000               0           0           0         112
   5.00000000       6250.00000       2750.00000               0           0           0         113
   5.00000000       6750.00000       2750.00000               0           0           0         114
   5.00000000       7250.00000       2750.00000               0           0           0         115
   5.00000000       7750.00000       2750.00000               0           0           0         116
   5.00000000       8250.00000       2750.00000               0           0           0         117
   5.00000000       8750.00000       2750.00000               0           0           0         118
   5.00000000       9250.00000       2750.00000               0           0           0         119
   5.00000000       9750.00000       2750.00000               0           0           0         120
   5.00000000       250.000000       3250.00000               0           0           0         121
   5.00000000       750.000000       3250.00000               0           0           0         122
   5.00000000       1250.00000       3250.00000               0           0           0         123
   5.00000000       1750.00000       3250.00000               0           0           0         124
   5.00000000       2250.00000       3250.00000               0           0           0         125
   5.00000000       2750.00000       3250.00000               0           0           0         126
   5.00000000       3250.00000       3250.00000               0           0           0         127
   5.00000000       3750.00000       3250.00000               0           0           0         128
   5.00000000       4250.00000       3250.00000               0           0           0         129
   5.00000000       4750.00000       3250.00000               0           0           0         130
   5.00000000       5250.00000       3250.00000               0           0           0         131
   5.00000000       5750.00000       3250.00000               0           0           0         132
   5.00000000       6250.00000       3250.00000               0           0           0         133
   5.00000000       6750.00000       3250.00000               0           0           0         134
   5.00000000       7250.00000       3250.00000               0           0           0         135
   5.00000000       7750.00000       3250.00000               0           0           0         136
   5.00000000       8250.00000       3250.00000               0           0           0         137
   5.00000000       8750.00000       3250.00000               0           0           0         138
   5.00000000       9250.00000       3250.00000               0           0           0         139
   5.00000000       9750.00000       3250.00000               0           0           0         140
   5.00000000       250.000000       3750.00000               0           0           0         141
   5.00000000       750.000000       3750.00000               0           0           0         142
   5.00000000       1250.00000       3750.00000               0           0           0         143
   5.00000000       1750.00000       3750.00000               0           0           0         144
   5.00000000       2250.00000       3750.00000               0           0           0         145
   5.00000000       2750.00000       3750.00000               0           0           0         146
   5.00000000       3250.00000       3750.00000               0           0           0         147
   5.00000000       3750.00000       3750.00000               0           0           0         148
   5.00000000       4250.00000       3750.00000               0           0           0         149
   5.00000000       4750.00000       3750.00000               0           0           0         150
   5.00000000       5250.00000       3750.00000               0           0           0         151
   5.00000000       5750.00000       3750.00000               0           0           0         152
   5.00000000       6250.00000       3750.00000               0           0           0         153
   5.00000000       6750.00000       3750.00000               0           0           0         154
   5.00000000       7250.00000       3750.00000               0           0           0         155
   5.00000000       7750.00000       3750.00000               0           0           0         156
   5.00000000       8250.00000       3750.00000               0           0           0         157
   5.00000000       8750.00000       3750.00000               0           0           0         158
   5.00000000       9250.00000       3750.00000               0           0           0         159
   5.00000000       9750.00000       3750.00000               0           0           0         160
   5.00000000       250.000000       4250.00000               0           0           0         161
   5.00000000       750.000000       4250.00000               0           0           0         162
   5.00000000       1250.00000       4250.00000               0           0           0         163
   5.00000000       1750.00000       4250.00000               0           0           0         164
   5.00000000       2250.00000       4250.00000               0           0           0         165
   5.00000000       2750.00000       4250.00000               0           0           0         166
   5.00000000       3250.00000       4250.00000               0           0           0         167
   5.00000000       3750.00000       4250.00000               0           0           0         168
   5.00000000       4250.00000       4250.00000               0           0           0         169
   5.00000000       4750.00000       4250.00000               0           0           0         170
   5.00000000       5250.00000       4250.00000               0           0           0         171
   5.00000000       5750.00000       4250.00000               0           0           0         172
   5.00000000       6250.00000       4250.00000               0           0           0         173
   5.00000000       6750.00000       4250.00000               0           0           0         174
   5.00000000       7250.00000       4250.00000               0           0           0         175
   5.00000000       7750.00000       4250.00000               0           0           0         176
   5.00000000       8250.00000       4250.00000               0           0           0         177
   5.00000000       8750.00000       4250.00000               0           0           0         178
   5.00000000       9250.00000       4250.00000               0           0           0         179
   5.00000000       9750.00000       4250.00000               0           0           0         180
   5.00000000       250.000000       4750.00000               0           0           0         181
   5.00000000       750.000000       4750.00000               0           0           0         182
   5.00000000       1250.00000       4750.00000               0           0           0         183
   5.00000000       1750.00000       4750.00000               0           0           0         184
   5.00000000       2250.00000       4750.00000               0           0           0         185
   5.00000000       2750.00000       4750.00000               0           0           0         186
   5.00000000       3250.00000       4750.00000               0           0           0         187
   5.00000000       3750.00000       4750.00000               0           0           0         188
   5.00000000       4250.00000       4750.00000               0           0           0         189
   5.00000000       4750.00000       4750.00000               0           0           0         190
   5.00000000       5250.00000       4750.00000               0           0           0         191
   5.00000000       5750.00000       4750.00000               0           0           0         192
   5.00000000       6250.00000       4750.00000               0           0           0         193
   5.00000000       6750.00000       4750.00000               0           0           0         194
   5.00000000       7250.00000       4750.00000               0           0           0         195
   5.00000000       7750.00000       4750.00000               0           0           0         196
   5.00000000       8250.00000       4750.00000               0           0           0         197
   5.00000000       8750.00000       4750.00000               0           0           0         198
   5.00000000       9250.00000       4750.00000               0           0           0         199
   5.00000000       9750.00000       4750.00000               0           0           0         200
   5.00000000       250.000000       5250.00000               0           0           0         201
   5.00000000       750.000000       5250.00000               0           0           0         202
   5.00000000       1250.00000       5250.00000               0           0           0         203
   5.00000000       1750.00000       5250.00000               0           0           0         204
   5.00000000       2250.00000       5250.00000               0           0           0         205
   5.00000000       2750.00000       5250.00000               0           0           0         206
   5.00000000       3250.00000       5250.00000               0           0           0         207
   5.00000000       3750.00000       5250.00000               0           0           0         208
   5.00000000       4250.00000       5250.00000               0           0           0         209
   5.00000000       4750.00000       5250.00000               0           0           0         210
   5.00000000       5250.00000       5250.00000               0           0           0         211
   5.00000000       5750.00000       5250.00000               0           0           0         212
   5.00000000       6250.00000       5250.00000               0           0           0         213
   5.00000000       6750.00000       5250.00000               0           0           0         214
   5.00000000       7250.00000       5250.00000               0           0           0         215
   5.00000000       7750.00000       5250.00000               0           0           0         216
   5.00000000       8250.00000       5250.00000               0           0           0         217
   5.00000000       8750.00000       5250.00000               0           0           0         218
   5.00000000       9250.00000       5250.00000               0           0           0         219
   5.00000000       9750.00000       5250.00000               0           0           0         220
   5.00000000       250.000000       5750.00000               0           0           0         221
   5.00000000       750.000000       5750.00000               0           0           0         222
   5.00000000       1250.00000       5750.00000               0           0           0         223
   5.00000000       1750.00000       5750.00000               0           0           0         224
   5.00000000       2250.00000       5750.00000               0           0           0         225
   5.00000000       2750.00000       5750.00000               0           0           0         226
   5.00000000       3250.00000       5750.00000               0           0           0         227
   5.00000000       3750.00000       5750.00000               0           0           0         228
   5.00000000       4250.00000       5750.00000               0           0           0         229
   5.00000000       4750.00000       5750.00000               0           0           0         230
   5.00000000       5250.00000       5750.00000               0           0           0         231
   5.00000000       5750.00000       5750.00000               0           0           0         232
   5.00000000       6250.00000       5750.00000               0           0           0         233
   5.00000000       6750.00000       5750.00000               0           0           0         234
   5.00000000       7250.00000       5750.00000               0           0           0         235
   5.00000000       7750.00000       5750.00000               0           0           0         236
   5.00000000       8250.00000       5750.00000               0           0           0         237
   5.00000000       8750.00000       5750.00000               0           0           0         238
   5.00000000       9250.00000       5750.00000               0           0           0         239
   5.00000000       9750.00000       5750.00000               0           0           0         240
   5.00000000       250.000000       6250.00000               0           0           0         241
   5.00000000       750.000000       6250.00000               0           0           0         242
   5.00000000       1250.00000       6250.00000               0           0           0         243
   5.00000000       1750.00000       6250.00000               0           0           0         244
   5.00000000       2250.00000       6250.00000               0           0           0         245
   5.00000000       2750.00000       6250.00000               0           0           0         246
   5.00000000       3250.00000       6250.00000               0           0           0         247
   5.00000000       3750.00000       6250.00000               0           0           0         248
   5.00000000       4250.00000       6250.00000               0           0           0         249
   5.00000000       4750.00000       6250.00000               0           0           0         250
   5.00000000       5250.00000       6250.00000               0           0           0         251
   5.00000000       5750.00000       6250.00000               0           0           0         252
   5.00000000       6250.00000       6250.00000               0           0           0         253
   5.00000000       6750.00000       6250.00000               0           0           0         254
   5.00000000       7250.00000       6250.00000               0           0           0         255
   5.00000000       7750.00000       6250.00000               0           0           0         256
   5.00000000       8250.00000       6250.00000               0           0           0         257
   5.00000000       8750.00000       6250.00000               0           0           0         258
   5.00000000       9250.00000       6250.00000               0           0           0         259
   5.00000000       9750.00000       6250.00000               0           0           0         260
   5.00000000       250.000000       6750.00000               0           0           0         261
   5.00000000       750.000000       6750.00000               0           0           0         262
   5.00000000       1250.00000       6750.00000               0           0           0         263
   5.00000000       1750.00000       6750.00000               0           0           0         264
   5.00000000       2250.00000       6750.00000               0           0           0         265
   5.00000000       2750.00000       6750.00000               0           0           0         266
   5.00000000       3250.00000       6750.00000               0           0           0         267
   5.00000000       3750.00000       6750.00000               0           0           0         268
   5.00000000       4250.00000       6750.00000               0           0           0         269
   5.00000000       4750.00000       6750.00000               0           0           0         270
   5.00000000       5250.00000       6750.00000               0           0           0         271
   5.00000000       5750.00000       6750.00000               0           0           0         272
   5.00000000       6250.00000       6750.00000               0           0           0         273
   5.00000000       6750.00000       6750.00000               0           0           0         274
   5.00000000       7250.00000       6750.00000               0           0           0         275
   5.00000000       7750.00000       6750.00000               0           0           0         276
   5.00000000       8250.00000       6750.00000               0           0           0         277
   5.00000000       8750.00000       6750.00000               0           0           0         278
   5.00000000       9250.00000       6750.00000               0           0           0         279
   5.00000000       9750.00000       6750.00000               0           0           0         280
   5.00000000       250.000000       7250.00000               0           0           0         281
   5.00000000       750.000000       7250.00000               0           0           0         282
   5.00000000       1250.00000       7250.00000               0           0           0         283
   5.00000000       1750.00000       7250.00000               0           0           0         284
   5.00000000       2250.00000       7250.00000               0           0           0         285
   5.00000000       2750.00000       7250.00000               0           0           0         286
   5.00000000       3250.00000       7250.00000               0           0           0         287
   5.00000000       3750.00000       7250.00000               0           0           0         288
   5.00000000       4250.00000       7250.00000               0           0           0         289
   5.00000000       4750.00000       7250.00000               0           0           0         290
   5.00000000       5250.00000       7250.00000               0           0           0         291
   5.00000000       5750.00000       7250.00000               0           0           0         292
   5.00000000       6250.00000       7250.00000               0           0           0         293
   5.00000000       6750.00000       7250.00000               0           0           0         294
   5.00000000       7250.00000       7250.00000               0           0           0         295
   5.00000000       7750.00000       7250.00000               0           0           0         296
   5.00000000       8250.00000       7250.00000               0           0           0         297
   5.00000000       8750.00000       7250.00000               0           0           0         298
   5.00000000       9250.00000       7250.00000               0           0           0         299
   5.00000000       9750.00000       7250.00000               0           0           0         300
   5.00000000       250.000000       7750.00000               0           0           0         301
   5.00000000       750.000000       7750.00000               0           0           0         302
   5.00000000       1250.00000       7750.00000               0           0           0         303
   5.00000000       1750.00000       7750.00000               0           0           0         304
   5.00000000       2250.00000       7750.00000               0           0           0         305
   5.00000000       2750.00000       7750.00000               0           0           0         306
   5.00000000       3250.00000       7750.00000               0           0           0         307
   5.00000000       3750.00000       7750.00000               0           0           0         308
   5.00000000       4250.00000       7750.00000               0           0           0         309
   5.00000000       4750.00000       7750.00000               0           0           0         310
   5.00000000       5250.00000       7750.00000               0           0           0         311
   5.00000000       5750.00000       7750.00000               0           0           0         312
   5.00000000       6250.00000       7750.00000               0           0           0         313
   5.00000000       6750.00000       7750.00000               0           0           0         314
   5.00000000       7250.00000       7750.00000               0           0           0         315
   5.00000000       7750.00000       7750.00000               0           0           0         316
   5.00000000       8250.00000       7750.00000               0           0           0         317
   5.00000000       8750.00000       7750.00000               0           0           0         318
   5.00000000       9250.00000       7750.00000               0           0           0         319
   5.00000000       9750.00000       7750.00000               0           0           0         320
   5.00000000       250.000000       8250.00000               0           0           0         321
   5.00000000       750.000000       8250.00000               0           0           0         322
   5.00000000       1250.00000       8250.00000               0           0           0         323
   5.00000000       1750.00000       8250.00000               0           0           0         324
   5.00000000       2250.00000       8250.00000               0           0           0         325
   5.00000000       2750.00000       8250.00000               0           0           0         326
   5.00000000       3250.00000       8250.00000               0           0           0         327
   5.00000000       3750.00000       8250.00000               0           0           0         328
   5.00000000       4250.00000       8250.00000               0           0           0         329
   5.00000000       4750.00000       8250.00000               0           0           0         330
   5.00000000       5250.00000       8250.00000               0           0           0         331
   5.00000000       5750.00000       8250.00000               0           0           0         332
   5.00000000       6250.00000       8250.00000               0           0           0         333
   5.00000000       6750.00000       8250.00000               0           0           0         334
   5.00000000       7250.00000       8250.00000               0           0           0         335
   5.00000000       7750.00000       8250.00000               0           0           0         336
   5.00000000       8250.00000       8250.00000               0           0           0         337
   5.00000000       8750.00000       8250.00000               0           0           0         338
   5.00000000       9250.00000       8250.00000               0           0           0         339
   5.00000000       9750.00000       8250.00000               0           0           0         340
   5.00000000       250.000000       8750.00000               0           0           0         341
   5.00000000       750.000000       8750.00000               0           0           0         342
   5.00000000       1250.00000       8750.00000               0           0           0         343
   5.00000000       1750.00000       8750.00000               0           0           0         344
   5.00000000       2250.00000       8750.00000               0           0           0         345
   5.00000000       2750.00000       8750.00000               0           0           0         346
   5.00000000       3250.00000       8750.00000               0           0           0         347
   5.00000000       3750.00000       8750.00000               0           0           0         348
   5.00000000       4250.00000       8750.00000               0           0           0         349
   5.00000000       4750.00000       8750.00000               0           0           0         350
   5.00000000       5250.00000       8750.00000               0           0           0         351
   5.00000000       5750.00000       8750.00000               0           0           0         352
   5.00000000       6250.00000       8750.00000               0           0           0         353
   5.00000000       6750.00000       8750.00000               0           0           0         354
   5.00000000       7250.00000       8750.00000               0           0           0         355
   5.00000000       7750.00000       8750.00000               0           0           0         356
   5.00000000       8250.00000       8750.00000               0           0           0         357
   5.00000000       8750.00000       8750.00000               0           0           0         358
   5.00000000       9250.00000       8750.00000               0           0           0         359
   5.00000000       9750.00000       8750.00000               0           0           0         360
   5.00000000       250.000000       9250.00000               0           0           0         361
   5.00000000       750.000000       9250.00000               0           0           0         362
   5.00000000       1250.00000       9250.00000               0           0           0         363
   5.00000000       1750.00000       9250.00000               0           0           0         364
   5.00000000       2250.00000       9250.00000               0           0           0         365
   5.00000000       2750.00000       9250.00000               0           0           0         366
   5.00000000       3250.00000       9250.00000               0           0           0         367
   5.00000000       3750.00000       9250.00000               0           0           0         368
   5.00000000       4250.00000       9250.00000               0           0           0         369
   5.00000000       4750.00000       9250.00000               0           0           0         370
   5.00000000       5250.00000       9250.00000               0           0           0         371
   5.00000000       5750.00000       9250.00000               0           0           0         372
   5.00000000       6250.00000       9250.00000               0           0           0         373
   5.00000000       6750.00000       9250.00000               0           0           0         374
   5.00000000       7250.00000       9250.00000               0           0           0         375
   5.00000000       7750.00000       9250.00000               0           0           0         376
   5.00000000       8250.00000       9250.00000               0           0           0         377
   5.00000000       8750.00000       9250.00000               0           0           0         378
   5.00000000       9250.00000       9250.00000               0           0           0         379
   5.00000000       9750.00000       9250.00000               0           0           0         380
   5.00000000       250.000000       9750.00000               0           0           0         381
   5.00000000       750.000000       9750.00000               0           0           0         382
   5.00000000       1250.00000       9750.00000               0           0           0         383
   5.00000000       1750.00000       9750.00000               0           0           0         384
   5.00000000       2250.00000       9750.00000               0           0           0         385
   5.00000000       2750.00000       9750.00000               0           0           0         386
   5.00000000       3250.00000       9750.00000               0           0           0         387
   5.00000000       3750.00000       9750.00000               0           0           0         388
   5.00000000       4250.00000       9750.00000               0           0           0         389
   5.00000000       4750.00000       9750.00000               0           0           0         390
   5.00000000       5250.00000       9750.00000               0           0           0         391
   5.00000000       5750.00000       9750.00000               0           0           0         392
   5.00000000       6250.00000       9750.00000               0           0           0         393
   5.00000000       6750.00000       9750.00000               0           0           0         394
   5.00000000       7250.00000       9750.00000               0           0           0         395
   5.00000000       7750.00000       9750.00000               0           0           0         396
   5.00000000       8250.00000       9750.00000               0           0           0         397
   5.00000000       8750.00000       9750.00000               0           0           0         398
   5.00000000       9250.00000       9750.00000               0           0           0         399
   5.00000000       9750.00000       9750.00000               0           0           0         400
